rot:
  max: 22.096385397856686
  mean: 8.752326771796408
  median: 8.248274371705374
  min: 0.03299017027861796
  num_samples: 880
  rmse: 10.214346095564661
  std: 5.265894248812147
scale:
  max: 98.43790083517521
  mean: 11.982439242007711
  median: 6.3006875019327335
  min: 0.0036899948268942495
  num_samples: 880
  rmse: 19.044847286514102
  std: 14.80295098884804
trans:
  max: 0.2949120397555908
  mean: 0.1566730387617196
  median: 0.16712231613323478
  min: 0.004162715223622491
  num_samples: 880
  rmse: 0.17444713507914517
  std: 0.0767161121439963
