rot:
  max: 43.838537691763925
  mean: 7.658315432605805
  median: 3.726418146465096
  min: 0.0359634166801816
  num_samples: 338
  rmse: 12.55443347554716
  std: 9.948065371048328
scale:
  max: 167.81530002851426
  mean: 12.513338223971568
  median: 7.968411197015824
  min: 0.018938709434213052
  num_samples: 338
  rmse: 24.00782022963328
  std: 20.488821309945603
trans:
  max: 0.20933006298041343
  mean: 0.10827006586330627
  median: 0.10749570940689912
  min: 0.012647300294890779
  num_samples: 338
  rmse: 0.11759925971922196
  std: 0.04590401643063863
