rot:
  max: 17.298704028289052
  mean: 5.544177834399918
  median: 4.6473148095865575
  min: 0.006436127431085602
  num_samples: 800
  rmse: 7.0864938545398894
  std: 4.413670500952722
scale:
  max: 39.26503248055868
  mean: 7.481423893642192
  median: 4.143505903339167
  min: 0.012464988616500694
  num_samples: 800
  rmse: 10.927044178008433
  std: 7.96420686520558
trans:
  max: 0.18546955938494003
  mean: 0.06820730068629365
  median: 0.06120605078103726
  min: 0.0007813368933112027
  num_samples: 800
  rmse: 0.07681290651570487
  std: 0.03532685579668733
